Epoch1: 0.592057761732852
Epoch2: 0.6462093862815884
Epoch3: 0.6534296028880866